Rw=-0.798016667 -0.041981064 0.601171315 -0.059102636 -0.987309396 -0.147400886 0.599730134 -0.153159171 0.785408199 
Tw=26.147224426 853.124328613 2533.297607422 
